%YAML:1.0
---
K: !!opencv-matrix
   rows: 3
   cols: 3
   dt: d
   data: [ 2.4161857462869580e+02, 0., 3.0112594119685173e+02, 0.,
       2.4147648567818857e+02, 1.6969459108356753e+02, 0., 0., 1. ]
D: !!opencv-matrix
   rows: 1
   cols: 5
   dt: d
   data: [ -2.8232296825490191e-02, -3.1123759288477343e-01,
       3.8698266366813565e-04, 6.0048351812416328e-03,
       4.2675751173697746e-01 ]
