%YAML:1.0
---
K: !!opencv-matrix
   rows: 3
   cols: 3
   dt: d
   data: [ 2.6559603346792562e+02, 0., 3.0137175196149565e+02, 0.,
       2.6606003743494989e+02, 1.7260709882664000e+02, 0., 0., 1. ]
D: !!opencv-matrix
   rows: 1
   cols: 5
   dt: d
   data: [ -6.7698248314495113e-02, 1.2324028688949265e-01,
       3.4234460468845622e-04, -4.6896432288888841e-04,
       -6.4671782475583764e-02 ]
