%YAML:1.0
---
K: !!opencv-matrix
   rows: 3
   cols: 3
   dt: d
   data: [ 5.2631272126863553e+02, 0., 3.1608352810993370e+02, 0.,
       5.2756520800725457e+02, 2.5960321244515950e+02, 0., 0., 1. ]
D: !!opencv-matrix
   rows: 1
   cols: 5
   dt: d
   data: [ 2.4905169195331608e-01, -8.1106629427564425e-01,
       -1.7957586031212120e-03, -8.1268481860982049e-04,
       9.4754964444741840e-01 ]
